size(1000,800);
background(255,255,255);

fill(209,166,131);
triangle(250,400,750,400,500,60);
noFill();
triangle(220,400,780,400,500,30);
/*
line(500,60,500,400);
*/
strokeWeight(2);
stroke(0,0,0);
line(465,109,535,109);
line(430,157,570,157);
line(394,206,606,206);
line(358,254,641,254);
line(323,303,678,303);
line(286,351,714,351);

strokeWeight(10);
fill(90,126,140);
stroke(160,106,72);
rect(450,180,100,150);

line(500,187,500,330);
line(450,255,550,255);

strokeWeight(1);
fill(145,86,52);
stroke(160,106,72);
rect(240,400,520,320);

stroke(0,0,0);
strokeWeight(2);
line(250,400,750,400);
line(240,440,758,440);
line(240,480,758,480);
line(240,520,758,520);
line(240,560,758,560);
line(240,600,758,600);
line(240,640,758,640);
line(240,680,758,680);

stroke(0,0,0);
strokeWeight(2);
rect(400,430,200,289);

strokeWeight(3);
stroke(46,65,72);
fill(90,126,140);
rect(460,480,80,60);


strokeWeight(6);
stroke(105,64,43);
line(440,560,440,580);